240
0
0
0
1
0
0
0
1
0.5
0
0
1
0
0
0
1
0.487464
0.222521
0
1
0
0
0
1
0.450484
0.433884
0
1
0
0
0
1
0.390916
0.623490
0
1
0
0
0
1
0.311745
0.781832
0
1
0
0
0
1
0.216942
0.900969
0
1
0
0
0
1
0.111260
0.974928
0
1
0
0
0
1
-0
1
0
1
0
0
0
1
-0.111261
0.974928
0
1
0
0
0
1
-0.216942
0.900969
0
1
0
0
0
1
-0.311745
0.781832
0
1
0
0
0
1
-0.390916
0.623490
0
1
0
0
0
1
-0.450484
0.433884
0
1
0
0
0
1
-0.487464
0.222521
0
1
0
0
0
1
-0.5
-0
0
1
0
0
0
1
-0.487464
-0.222521
0
1
0
0
0
1
-0.450484
-0.433884
0
1
0
0
0
1
-0.390916
-0.623490
0
1
0
0
0
1
-0.311745
-0.781831
0
1
0
0
0
1
-0.216942
-0.900969
0
1
0
0
0
1
-0.111261
-0.974928
0
1
0
0
0
1
0
-1
0
1
0
0
0
1
0.111261
-0.974928
0
1
0
0
0
1
0.216942
-0.900969
0
1
0
0
0
1
0.311745
-0.781831
0
1
0
0
0
1
0.390916
-0.623490
0
1
0
0
0
1
0.450484
-0.433884
0
1
0
0
0
1
0.487464
-0.222521
0
1
0
0
0
1
0.5
0
0
1
0
0
0
1
